66996699
22104669
12345
113572644
114859454
114857922
114526067
114435441
114435130
114434880
114434667
114434307
114434119
114434071
114433985
114433922
114433867
114433757
114433648
114433583
114433475
114433286
114433223
114433115
114433031
114432224
114432119
114431852
114431436
114431205
114412073
114396978
114390731
114367123
114346897
114337884
114330997
114320242
114148735
114040948
113967464
113947709
113936980
113932230
113929221
113928330
113928305
113928074
113758410
113583407
113572644
